   4.6250000e+01	
   9.6250000e+01	
   1.4625000e+02	
   1.9625000e+02	
   2.4625000e+02	
   2.9625000e+02	
   3.4625000e+02	
   3.9625000e+02	
   4.4625000e+02	
   4.9625000e+02	
   5.4625000e+02	
   5.9625000e+02	
   6.4625000e+02	
   6.9625000e+02	
   7.4625000e+02	
   7.9625000e+02	
   4.6250000e+01	
   9.6250000e+01	
   1.4625000e+02	
   1.9625000e+02	
   2.4625000e+02	
   2.9625000e+02	
   3.4625000e+02	
   3.9625000e+02	
   4.4625000e+02	
   4.9625000e+02	
   5.4625000e+02	
   5.9625000e+02	
   6.4625000e+02	
   6.9625000e+02	
   7.4625000e+02	
   7.9625000e+02	
   4.6250000e+01	
   9.6250000e+01	
   1.4625000e+02	
   1.9625000e+02	
   2.4625000e+02	
   2.9625000e+02	
   3.4625000e+02	
   3.9625000e+02	
   4.4625000e+02	
   4.9625000e+02	
   5.4625000e+02	
   5.9625000e+02	
   6.4625000e+02	
   6.9625000e+02	
   7.4625000e+02	
   7.9625000e+02	
   4.6250000e+01	
   9.6250000e+01	
   1.4625000e+02	
   1.9625000e+02	
   2.4625000e+02	
   2.9625000e+02	
   3.4625000e+02	
   3.9625000e+02	
   4.4625000e+02	
   4.9625000e+02	
   5.4625000e+02	
   5.9625000e+02	
   6.4625000e+02	
   6.9625000e+02	
   7.4625000e+02	
   7.9625000e+02	
   4.6250000e+01	
   9.6250000e+01	
   1.4625000e+02	
   1.9625000e+02	
   2.4625000e+02	
   2.9625000e+02	
   3.4625000e+02	
   3.9625000e+02	
   4.4625000e+02	
   4.9625000e+02	
   5.4625000e+02	
   5.9625000e+02	
   6.4625000e+02	
   6.9625000e+02	
   7.4625000e+02	
   7.9625000e+02	
   4.6250000e+01	
   9.6250000e+01	
   1.4625000e+02	
   1.9625000e+02	
   2.4625000e+02	
   2.9625000e+02	
   3.4625000e+02	
   3.9625000e+02	
   4.4625000e+02	
   4.9625000e+02	
   5.4625000e+02	
   5.9625000e+02	
   6.4625000e+02	
   6.9625000e+02	
   7.4625000e+02	
   7.9625000e+02	
   4.6250000e+01	
   9.6250000e+01	
   1.4625000e+02	
   1.9625000e+02	
   2.4625000e+02	
   2.9625000e+02	
   3.4625000e+02	
   3.9625000e+02	
   4.4625000e+02	
   4.9625000e+02	
   5.4625000e+02	
   5.9625000e+02	
   6.4625000e+02	
   6.9625000e+02	
   7.4625000e+02	
   7.9625000e+02	
   4.6250000e+01	
   9.6250000e+01	
   1.4625000e+02	
   1.9625000e+02	
   2.4625000e+02	
   2.9625000e+02	
   3.4625000e+02	
   3.9625000e+02	
   4.4625000e+02	
   4.9625000e+02	
   5.4625000e+02	
   5.9625000e+02	
   6.4625000e+02	
   6.9625000e+02	
   7.4625000e+02	
   7.9625000e+02	
   4.6250000e+01	
   9.6250000e+01	
   1.4625000e+02	
   1.9625000e+02	
   2.4625000e+02	
   2.9625000e+02	
   3.4625000e+02	
   3.9625000e+02	
   4.4625000e+02	
   4.9625000e+02	
   5.4625000e+02	
   5.9625000e+02	
   6.4625000e+02	
   6.9625000e+02	
   7.4625000e+02	
   7.9625000e+02	
   4.6250000e+01	
   9.6250000e+01	
   1.4625000e+02	
   1.9625000e+02	
   2.4625000e+02	
   2.9625000e+02	
   3.4625000e+02	
   3.9625000e+02	
   4.4625000e+02	
   4.9625000e+02	
   5.4625000e+02	
   5.9625000e+02	
   6.4625000e+02	
   6.9625000e+02	
   7.4625000e+02	
   7.9625000e+02	
   4.6250000e+01	
   9.6250000e+01	
   1.4625000e+02	
   1.9625000e+02	
   2.4625000e+02	
   2.9625000e+02	
   3.4625000e+02	
   3.9625000e+02	
   4.4625000e+02	
   4.9625000e+02	
   5.4625000e+02	
   5.9625000e+02	
   6.4625000e+02	
   6.9625000e+02	
   7.4625000e+02	
   7.9625000e+02	
   4.6250000e+01	
   9.6250000e+01	
   1.4625000e+02	
   1.9625000e+02	
   2.4625000e+02	
   2.9625000e+02	
   3.4625000e+02	
   3.9625000e+02	
   4.4625000e+02	
   4.9625000e+02	
   5.4625000e+02	
   5.9625000e+02	
   6.4625000e+02	
   6.9625000e+02	
   7.4625000e+02	
   7.9625000e+02	
   4.6250000e+01	
   9.6250000e+01	
   1.4625000e+02	
   1.9625000e+02	
   2.4625000e+02	
   2.9625000e+02	
   3.4625000e+02	
   3.9625000e+02	
   4.4625000e+02	
   4.9625000e+02	
   5.4625000e+02	
   5.9625000e+02	
   6.4625000e+02	
   6.9625000e+02	
   7.4625000e+02	
   7.9625000e+02	
   4.6250000e+01	
   9.6250000e+01	
   1.4625000e+02	
   1.9625000e+02	
   2.4625000e+02	
   2.9625000e+02	
   3.4625000e+02	
   3.9625000e+02	
   4.4625000e+02	
   4.9625000e+02	
   5.4625000e+02	
   5.9625000e+02	
   6.4625000e+02	
   6.9625000e+02	
   7.4625000e+02	
   7.9625000e+02	
   4.6250000e+01	
   9.6250000e+01	
   1.4625000e+02	
   1.9625000e+02	
   2.4625000e+02	
   2.9625000e+02	
   3.4625000e+02	
   3.9625000e+02	
   4.4625000e+02	
   4.9625000e+02	
   5.4625000e+02	
   5.9625000e+02	
   6.4625000e+02	
   6.9625000e+02	
   7.4625000e+02	
   7.9625000e+02	
   4.6250000e+01	
   9.6250000e+01	
   1.4625000e+02	
   1.9625000e+02	
   2.4625000e+02	
   2.9625000e+02	
   3.4625000e+02	
   3.9625000e+02	
   4.4625000e+02	
   4.9625000e+02	
   5.4625000e+02	
   5.9625000e+02	
   6.4625000e+02	
   6.9625000e+02	
   7.4625000e+02	
   7.9625000e+02	
   4.6250000e+01	
   9.6250000e+01	
   1.4625000e+02	
   1.9625000e+02	
   2.4625000e+02	
   2.9625000e+02	
   3.4625000e+02	
   3.9625000e+02	
   4.4625000e+02	
   4.9625000e+02	
   5.4625000e+02	
   5.9625000e+02	
   6.4625000e+02	
   6.9625000e+02	
   7.4625000e+02	
   7.9625000e+02	
   4.6250000e+01	
   9.6250000e+01	
   1.4625000e+02	
   1.9625000e+02	
   2.4625000e+02	
   2.9625000e+02	
   3.4625000e+02	
   3.9625000e+02	
   4.4625000e+02	
   4.9625000e+02	
   5.4625000e+02	
   5.9625000e+02	
   6.4625000e+02	
   6.9625000e+02	
   7.4625000e+02	
   7.9625000e+02	
   4.6250000e+01	
   9.6250000e+01	
   1.4625000e+02	
   1.9625000e+02	
   2.4625000e+02	
   2.9625000e+02	
   3.4625000e+02	
   3.9625000e+02	
   4.4625000e+02	
   4.9625000e+02	
   5.4625000e+02	
   5.9625000e+02	
   6.4625000e+02	
   6.9625000e+02	
   7.4625000e+02	
   7.9625000e+02	
   4.6250000e+01	
   9.6250000e+01	
   1.4625000e+02	
   1.9625000e+02	
   2.4625000e+02	
   2.9625000e+02	
   3.4625000e+02	
   3.9625000e+02	
   4.4625000e+02	
   4.9625000e+02	
   5.4625000e+02	
   5.9625000e+02	
   6.4625000e+02	
   6.9625000e+02	
   7.4625000e+02	
   7.9625000e+02	
   4.6250000e+01	
   9.6250000e+01	
   1.4625000e+02	
   1.9625000e+02	
   2.4625000e+02	
   2.9625000e+02	
   3.4625000e+02	
   3.9625000e+02	
   4.4625000e+02	
   4.9625000e+02	
   5.4625000e+02	
   5.9625000e+02	
   6.4625000e+02	
   6.9625000e+02	
   7.4625000e+02	
   7.9625000e+02	
   4.6250000e+01	
   9.6250000e+01	
   1.4625000e+02	
   1.9625000e+02	
   2.4625000e+02	
   2.9625000e+02	
   3.4625000e+02	
   3.9625000e+02	
   4.4625000e+02	
   4.9625000e+02	
   5.4625000e+02	
   5.9625000e+02	
   6.4625000e+02	
   6.9625000e+02	
   7.4625000e+02	
   7.9625000e+02	
   4.6250000e+01	
   9.6250000e+01	
   1.4625000e+02	
   1.9625000e+02	
   2.4625000e+02	
   2.9625000e+02	
   3.4625000e+02	
   3.9625000e+02	
   4.4625000e+02	
   4.9625000e+02	
   5.4625000e+02	
   5.9625000e+02	
   6.4625000e+02	
   6.9625000e+02	
   7.4625000e+02	
   7.9625000e+02	
   4.6250000e+01	
   9.6250000e+01	
   1.4625000e+02	
   1.9625000e+02	
   2.4625000e+02	
   2.9625000e+02	
   3.4625000e+02	
   3.9625000e+02	
   4.4625000e+02	
   4.9625000e+02	
   5.4625000e+02	
   5.9625000e+02	
   6.4625000e+02	
   6.9625000e+02	
   7.4625000e+02	
   7.9625000e+02	
   4.6250000e+01	
   9.6250000e+01	
   1.4625000e+02	
   1.9625000e+02	
   2.4625000e+02	
   2.9625000e+02	
   3.4625000e+02	
   3.9625000e+02	
   4.4625000e+02	
   4.9625000e+02	
   5.4625000e+02	
   5.9625000e+02	
   6.4625000e+02	
   6.9625000e+02	
   7.4625000e+02	
   7.9625000e+02	
   4.6250000e+01	
   9.6250000e+01	
   1.4625000e+02	
   1.9625000e+02	
   2.4625000e+02	
   2.9625000e+02	
   3.4625000e+02	
   3.9625000e+02	
   4.4625000e+02	
   4.9625000e+02	
   5.4625000e+02	
   5.9625000e+02	
   6.4625000e+02	
   6.9625000e+02	
   7.4625000e+02	
   7.9625000e+02	
   4.6250000e+01	
   9.6250000e+01	
   1.4625000e+02	
   1.9625000e+02	
   2.4625000e+02	
   2.9625000e+02	
   3.4625000e+02	
   3.9625000e+02	
   4.4625000e+02	
   4.9625000e+02	
   5.4625000e+02	
   5.9625000e+02	
   6.4625000e+02	
   6.9625000e+02	
   7.4625000e+02	
   7.9625000e+02	
   4.6250000e+01	
   9.6250000e+01	
   1.4625000e+02	
   1.9625000e+02	
   2.4625000e+02	
   2.9625000e+02	
   3.4625000e+02	
   3.9625000e+02	
   4.4625000e+02	
   4.9625000e+02	
   5.4625000e+02	
   5.9625000e+02	
   6.4625000e+02	
   6.9625000e+02	
   7.4625000e+02	
   7.9625000e+02	
   4.6250000e+01	
   9.6250000e+01	
   1.4625000e+02	
   1.9625000e+02	
   2.4625000e+02	
   2.9625000e+02	
   3.4625000e+02	
   3.9625000e+02	
   4.4625000e+02	
   4.9625000e+02	
   5.4625000e+02	
   5.9625000e+02	
   6.4625000e+02	
   6.9625000e+02	
   7.4625000e+02	
   7.9625000e+02	
   4.6250000e+01	
   9.6250000e+01	
   1.4625000e+02	
   1.9625000e+02	
   2.4625000e+02	
   2.9625000e+02	
   3.4625000e+02	
   3.9625000e+02	
   4.4625000e+02	
   4.9625000e+02	
   5.4625000e+02	
   5.9625000e+02	
   6.4625000e+02	
   6.9625000e+02	
   7.4625000e+02	
   7.9625000e+02	
   4.6250000e+01	
   9.6250000e+01	
   1.4625000e+02	
   1.9625000e+02	
   2.4625000e+02	
   2.9625000e+02	
   3.4625000e+02	
   3.9625000e+02	
   4.4625000e+02	
   4.9625000e+02	
   5.4625000e+02	
   5.9625000e+02	
   6.4625000e+02	
   6.9625000e+02	
   7.4625000e+02	
   7.9625000e+02	
   4.6250000e+01	
   9.6250000e+01	
   1.4625000e+02	
   1.9625000e+02	
   2.4625000e+02	
   2.9625000e+02	
   3.4625000e+02	
   3.9625000e+02	
   4.4625000e+02	
   4.9625000e+02	
   5.4625000e+02	
   5.9625000e+02	
   6.4625000e+02	
   6.9625000e+02	
   7.4625000e+02	
   7.9625000e+02	
   4.6250000e+01	
   9.6250000e+01	
   1.4625000e+02	
   1.9625000e+02	
   2.4625000e+02	
   2.9625000e+02	
   3.4625000e+02	
   3.9625000e+02	
   4.4625000e+02	
   4.9625000e+02	
   5.4625000e+02	
   5.9625000e+02	
   6.4625000e+02	
   6.9625000e+02	
   7.4625000e+02	
   7.9625000e+02	
   4.6250000e+01	
   9.6250000e+01	
   1.4625000e+02	
   1.9625000e+02	
   2.4625000e+02	
   2.9625000e+02	
   3.4625000e+02	
   3.9625000e+02	
   4.4625000e+02	
   4.9625000e+02	
   5.4625000e+02	
   5.9625000e+02	
   6.4625000e+02	
   6.9625000e+02	
   7.4625000e+02	
   7.9625000e+02	
   4.6250000e+01	
   9.6250000e+01	
   1.4625000e+02	
   1.9625000e+02	
   2.4625000e+02	
   2.9625000e+02	
   3.4625000e+02	
   3.9625000e+02	
   4.4625000e+02	
   4.9625000e+02	
   5.4625000e+02	
   5.9625000e+02	
   6.4625000e+02	
   6.9625000e+02	
   7.4625000e+02	
   7.9625000e+02	
   4.6250000e+01	
   9.6250000e+01	
   1.4625000e+02	
   1.9625000e+02	
   2.4625000e+02	
   2.9625000e+02	
   3.4625000e+02	
   3.9625000e+02	
   4.4625000e+02	
   4.9625000e+02	
   5.4625000e+02	
   5.9625000e+02	
   6.4625000e+02	
   6.9625000e+02	
   7.4625000e+02	
   7.9625000e+02	
   4.6250000e+01	
   9.6250000e+01	
   1.4625000e+02	
   1.9625000e+02	
   2.4625000e+02	
   2.9625000e+02	
   3.4625000e+02	
   3.9625000e+02	
   4.4625000e+02	
   4.9625000e+02	
   5.4625000e+02	
   5.9625000e+02	
   6.4625000e+02	
   6.9625000e+02	
   7.4625000e+02	
   7.9625000e+02	
   4.6250000e+01	
   9.6250000e+01	
   1.4625000e+02	
   1.9625000e+02	
   2.4625000e+02	
   2.9625000e+02	
   3.4625000e+02	
   3.9625000e+02	
   4.4625000e+02	
   4.9625000e+02	
   5.4625000e+02	
   5.9625000e+02	
   6.4625000e+02	
   6.9625000e+02	
   7.4625000e+02	
   7.9625000e+02	
   4.6250000e+01	
   9.6250000e+01	
   1.4625000e+02	
   1.9625000e+02	
   2.4625000e+02	
   2.9625000e+02	
   3.4625000e+02	
   3.9625000e+02	
   4.4625000e+02	
   4.9625000e+02	
   5.4625000e+02	
   5.9625000e+02	
   6.4625000e+02	
   6.9625000e+02	
   7.4625000e+02	
   7.9625000e+02	
