   1.3100000e+02	
   1.3100000e+02	
   1.3100000e+02	
   1.3100000e+02	
   1.3100000e+02	
   1.3100000e+02	
   1.3100000e+02	
   1.3100000e+02	
   1.3100000e+02	
   1.3100000e+02	
   1.3100000e+02	
   1.3100000e+02	
   1.3100000e+02	
   1.3100000e+02	
   1.3100000e+02	
   1.3100000e+02	
   1.8100000e+02	
   1.8100000e+02	
   1.8100000e+02	
   1.8100000e+02	
   1.8100000e+02	
   1.8100000e+02	
   1.8100000e+02	
   1.8100000e+02	
   1.8100000e+02	
   1.8100000e+02	
   1.8100000e+02	
   1.8100000e+02	
   1.8100000e+02	
   1.8100000e+02	
   1.8100000e+02	
   1.8100000e+02	
   2.3100000e+02	
   2.3100000e+02	
   2.3100000e+02	
   2.3100000e+02	
   2.3100000e+02	
   2.3100000e+02	
   2.3100000e+02	
   2.3100000e+02	
   2.3100000e+02	
   2.3100000e+02	
   2.3100000e+02	
   2.3100000e+02	
   2.3100000e+02	
   2.3100000e+02	
   2.3100000e+02	
   2.3100000e+02	
   2.8100000e+02	
   2.8100000e+02	
   2.8100000e+02	
   2.8100000e+02	
   2.8100000e+02	
   2.8100000e+02	
   2.8100000e+02	
   2.8100000e+02	
   2.8100000e+02	
   2.8100000e+02	
   2.8100000e+02	
   2.8100000e+02	
   2.8100000e+02	
   2.8100000e+02	
   2.8100000e+02	
   2.8100000e+02	
   3.3100000e+02	
   3.3100000e+02	
   3.3100000e+02	
   3.3100000e+02	
   3.3100000e+02	
   3.3100000e+02	
   3.3100000e+02	
   3.3100000e+02	
   3.3100000e+02	
   3.3100000e+02	
   3.3100000e+02	
   3.3100000e+02	
   3.3100000e+02	
   3.3100000e+02	
   3.3100000e+02	
   3.3100000e+02	
   3.8100000e+02	
   3.8100000e+02	
   3.8100000e+02	
   3.8100000e+02	
   3.8100000e+02	
   3.8100000e+02	
   3.8100000e+02	
   3.8100000e+02	
   3.8100000e+02	
   3.8100000e+02	
   3.8100000e+02	
   3.8100000e+02	
   3.8100000e+02	
   3.8100000e+02	
   3.8100000e+02	
   3.8100000e+02	
   4.3100000e+02	
   4.3100000e+02	
   4.3100000e+02	
   4.3100000e+02	
   4.3100000e+02	
   4.3100000e+02	
   4.3100000e+02	
   4.3100000e+02	
   4.3100000e+02	
   4.3100000e+02	
   4.3100000e+02	
   4.3100000e+02	
   4.3100000e+02	
   4.3100000e+02	
   4.3100000e+02	
   4.3100000e+02	
   4.8100000e+02	
   4.8100000e+02	
   4.8100000e+02	
   4.8100000e+02	
   4.8100000e+02	
   4.8100000e+02	
   4.8100000e+02	
   4.8100000e+02	
   4.8100000e+02	
   4.8100000e+02	
   4.8100000e+02	
   4.8100000e+02	
   4.8100000e+02	
   4.8100000e+02	
   4.8100000e+02	
   4.8100000e+02	
   5.3100000e+02	
   5.3100000e+02	
   5.3100000e+02	
   5.3100000e+02	
   5.3100000e+02	
   5.3100000e+02	
   5.3100000e+02	
   5.3100000e+02	
   5.3100000e+02	
   5.3100000e+02	
   5.3100000e+02	
   5.3100000e+02	
   5.3100000e+02	
   5.3100000e+02	
   5.3100000e+02	
   5.3100000e+02	
   5.8100000e+02	
   5.8100000e+02	
   5.8100000e+02	
   5.8100000e+02	
   5.8100000e+02	
   5.8100000e+02	
   5.8100000e+02	
   5.8100000e+02	
   5.8100000e+02	
   5.8100000e+02	
   5.8100000e+02	
   5.8100000e+02	
   5.8100000e+02	
   5.8100000e+02	
   5.8100000e+02	
   5.8100000e+02	
   6.3100000e+02	
   6.3100000e+02	
   6.3100000e+02	
   6.3100000e+02	
   6.3100000e+02	
   6.3100000e+02	
   6.3100000e+02	
   6.3100000e+02	
   6.3100000e+02	
   6.3100000e+02	
   6.3100000e+02	
   6.3100000e+02	
   6.3100000e+02	
   6.3100000e+02	
   6.3100000e+02	
   6.3100000e+02	
   6.8100000e+02	
   6.8100000e+02	
   6.8100000e+02	
   6.8100000e+02	
   6.8100000e+02	
   6.8100000e+02	
   6.8100000e+02	
   6.8100000e+02	
   6.8100000e+02	
   6.8100000e+02	
   6.8100000e+02	
   6.8100000e+02	
   6.8100000e+02	
   6.8100000e+02	
   6.8100000e+02	
   6.8100000e+02	
   7.3100000e+02	
   7.3100000e+02	
   7.3100000e+02	
   7.3100000e+02	
   7.3100000e+02	
   7.3100000e+02	
   7.3100000e+02	
   7.3100000e+02	
   7.3100000e+02	
   7.3100000e+02	
   7.3100000e+02	
   7.3100000e+02	
   7.3100000e+02	
   7.3100000e+02	
   7.3100000e+02	
   7.3100000e+02	
   7.8100000e+02	
   7.8100000e+02	
   7.8100000e+02	
   7.8100000e+02	
   7.8100000e+02	
   7.8100000e+02	
   7.8100000e+02	
   7.8100000e+02	
   7.8100000e+02	
   7.8100000e+02	
   7.8100000e+02	
   7.8100000e+02	
   7.8100000e+02	
   7.8100000e+02	
   7.8100000e+02	
   7.8100000e+02	
   8.3100000e+02	
   8.3100000e+02	
   8.3100000e+02	
   8.3100000e+02	
   8.3100000e+02	
   8.3100000e+02	
   8.3100000e+02	
   8.3100000e+02	
   8.3100000e+02	
   8.3100000e+02	
   8.3100000e+02	
   8.3100000e+02	
   8.3100000e+02	
   8.3100000e+02	
   8.3100000e+02	
   8.3100000e+02	
   8.8100000e+02	
   8.8100000e+02	
   8.8100000e+02	
   8.8100000e+02	
   8.8100000e+02	
   8.8100000e+02	
   8.8100000e+02	
   8.8100000e+02	
   8.8100000e+02	
   8.8100000e+02	
   8.8100000e+02	
   8.8100000e+02	
   8.8100000e+02	
   8.8100000e+02	
   8.8100000e+02	
   8.8100000e+02	
   9.3100000e+02	
   9.3100000e+02	
   9.3100000e+02	
   9.3100000e+02	
   9.3100000e+02	
   9.3100000e+02	
   9.3100000e+02	
   9.3100000e+02	
   9.3100000e+02	
   9.3100000e+02	
   9.3100000e+02	
   9.3100000e+02	
   9.3100000e+02	
   9.3100000e+02	
   9.3100000e+02	
   9.3100000e+02	
   9.8100000e+02	
   9.8100000e+02	
   9.8100000e+02	
   9.8100000e+02	
   9.8100000e+02	
   9.8100000e+02	
   9.8100000e+02	
   9.8100000e+02	
   9.8100000e+02	
   9.8100000e+02	
   9.8100000e+02	
   9.8100000e+02	
   9.8100000e+02	
   9.8100000e+02	
   9.8100000e+02	
   9.8100000e+02	
   1.0310000e+03	
   1.0310000e+03	
   1.0310000e+03	
   1.0310000e+03	
   1.0310000e+03	
   1.0310000e+03	
   1.0310000e+03	
   1.0310000e+03	
   1.0310000e+03	
   1.0310000e+03	
   1.0310000e+03	
   1.0310000e+03	
   1.0310000e+03	
   1.0310000e+03	
   1.0310000e+03	
   1.0310000e+03	
   1.0810000e+03	
   1.0810000e+03	
   1.0810000e+03	
   1.0810000e+03	
   1.0810000e+03	
   1.0810000e+03	
   1.0810000e+03	
   1.0810000e+03	
   1.0810000e+03	
   1.0810000e+03	
   1.0810000e+03	
   1.0810000e+03	
   1.0810000e+03	
   1.0810000e+03	
   1.0810000e+03	
   1.0810000e+03	
   1.1310000e+03	
   1.1310000e+03	
   1.1310000e+03	
   1.1310000e+03	
   1.1310000e+03	
   1.1310000e+03	
   1.1310000e+03	
   1.1310000e+03	
   1.1310000e+03	
   1.1310000e+03	
   1.1310000e+03	
   1.1310000e+03	
   1.1310000e+03	
   1.1310000e+03	
   1.1310000e+03	
   1.1310000e+03	
   1.1810000e+03	
   1.1810000e+03	
   1.1810000e+03	
   1.1810000e+03	
   1.1810000e+03	
   1.1810000e+03	
   1.1810000e+03	
   1.1810000e+03	
   1.1810000e+03	
   1.1810000e+03	
   1.1810000e+03	
   1.1810000e+03	
   1.1810000e+03	
   1.1810000e+03	
   1.1810000e+03	
   1.1810000e+03	
   1.2310000e+03	
   1.2310000e+03	
   1.2310000e+03	
   1.2310000e+03	
   1.2310000e+03	
   1.2310000e+03	
   1.2310000e+03	
   1.2310000e+03	
   1.2310000e+03	
   1.2310000e+03	
   1.2310000e+03	
   1.2310000e+03	
   1.2310000e+03	
   1.2310000e+03	
   1.2310000e+03	
   1.2310000e+03	
   1.2810000e+03	
   1.2810000e+03	
   1.2810000e+03	
   1.2810000e+03	
   1.2810000e+03	
   1.2810000e+03	
   1.2810000e+03	
   1.2810000e+03	
   1.2810000e+03	
   1.2810000e+03	
   1.2810000e+03	
   1.2810000e+03	
   1.2810000e+03	
   1.2810000e+03	
   1.2810000e+03	
   1.2810000e+03	
   1.3310000e+03	
   1.3310000e+03	
   1.3310000e+03	
   1.3310000e+03	
   1.3310000e+03	
   1.3310000e+03	
   1.3310000e+03	
   1.3310000e+03	
   1.3310000e+03	
   1.3310000e+03	
   1.3310000e+03	
   1.3310000e+03	
   1.3310000e+03	
   1.3310000e+03	
   1.3310000e+03	
   1.3310000e+03	
   1.3810000e+03	
   1.3810000e+03	
   1.3810000e+03	
   1.3810000e+03	
   1.3810000e+03	
   1.3810000e+03	
   1.3810000e+03	
   1.3810000e+03	
   1.3810000e+03	
   1.3810000e+03	
   1.3810000e+03	
   1.3810000e+03	
   1.3810000e+03	
   1.3810000e+03	
   1.3810000e+03	
   1.3810000e+03	
   1.4310000e+03	
   1.4310000e+03	
   1.4310000e+03	
   1.4310000e+03	
   1.4310000e+03	
   1.4310000e+03	
   1.4310000e+03	
   1.4310000e+03	
   1.4310000e+03	
   1.4310000e+03	
   1.4310000e+03	
   1.4310000e+03	
   1.4310000e+03	
   1.4310000e+03	
   1.4310000e+03	
   1.4310000e+03	
   1.4810000e+03	
   1.4810000e+03	
   1.4810000e+03	
   1.4810000e+03	
   1.4810000e+03	
   1.4810000e+03	
   1.4810000e+03	
   1.4810000e+03	
   1.4810000e+03	
   1.4810000e+03	
   1.4810000e+03	
   1.4810000e+03	
   1.4810000e+03	
   1.4810000e+03	
   1.4810000e+03	
   1.4810000e+03	
   1.5310000e+03	
   1.5310000e+03	
   1.5310000e+03	
   1.5310000e+03	
   1.5310000e+03	
   1.5310000e+03	
   1.5310000e+03	
   1.5310000e+03	
   1.5310000e+03	
   1.5310000e+03	
   1.5310000e+03	
   1.5310000e+03	
   1.5310000e+03	
   1.5310000e+03	
   1.5310000e+03	
   1.5310000e+03	
   1.5810000e+03	
   1.5810000e+03	
   1.5810000e+03	
   1.5810000e+03	
   1.5810000e+03	
   1.5810000e+03	
   1.5810000e+03	
   1.5810000e+03	
   1.5810000e+03	
   1.5810000e+03	
   1.5810000e+03	
   1.5810000e+03	
   1.5810000e+03	
   1.5810000e+03	
   1.5810000e+03	
   1.5810000e+03	
   1.6310000e+03	
   1.6310000e+03	
   1.6310000e+03	
   1.6310000e+03	
   1.6310000e+03	
   1.6310000e+03	
   1.6310000e+03	
   1.6310000e+03	
   1.6310000e+03	
   1.6310000e+03	
   1.6310000e+03	
   1.6310000e+03	
   1.6310000e+03	
   1.6310000e+03	
   1.6310000e+03	
   1.6310000e+03	
   1.6810000e+03	
   1.6810000e+03	
   1.6810000e+03	
   1.6810000e+03	
   1.6810000e+03	
   1.6810000e+03	
   1.6810000e+03	
   1.6810000e+03	
   1.6810000e+03	
   1.6810000e+03	
   1.6810000e+03	
   1.6810000e+03	
   1.6810000e+03	
   1.6810000e+03	
   1.6810000e+03	
   1.6810000e+03	
   1.7310000e+03	
   1.7310000e+03	
   1.7310000e+03	
   1.7310000e+03	
   1.7310000e+03	
   1.7310000e+03	
   1.7310000e+03	
   1.7310000e+03	
   1.7310000e+03	
   1.7310000e+03	
   1.7310000e+03	
   1.7310000e+03	
   1.7310000e+03	
   1.7310000e+03	
   1.7310000e+03	
   1.7310000e+03	
   1.7810000e+03	
   1.7810000e+03	
   1.7810000e+03	
   1.7810000e+03	
   1.7810000e+03	
   1.7810000e+03	
   1.7810000e+03	
   1.7810000e+03	
   1.7810000e+03	
   1.7810000e+03	
   1.7810000e+03	
   1.7810000e+03	
   1.7810000e+03	
   1.7810000e+03	
   1.7810000e+03	
   1.7810000e+03	
   1.8310000e+03	
   1.8310000e+03	
   1.8310000e+03	
   1.8310000e+03	
   1.8310000e+03	
   1.8310000e+03	
   1.8310000e+03	
   1.8310000e+03	
   1.8310000e+03	
   1.8310000e+03	
   1.8310000e+03	
   1.8310000e+03	
   1.8310000e+03	
   1.8310000e+03	
   1.8310000e+03	
   1.8310000e+03	
   1.8810000e+03	
   1.8810000e+03	
   1.8810000e+03	
   1.8810000e+03	
   1.8810000e+03	
   1.8810000e+03	
   1.8810000e+03	
   1.8810000e+03	
   1.8810000e+03	
   1.8810000e+03	
   1.8810000e+03	
   1.8810000e+03	
   1.8810000e+03	
   1.8810000e+03	
   1.8810000e+03	
   1.8810000e+03	
   1.9310000e+03	
   1.9310000e+03	
   1.9310000e+03	
   1.9310000e+03	
   1.9310000e+03	
   1.9310000e+03	
   1.9310000e+03	
   1.9310000e+03	
   1.9310000e+03	
   1.9310000e+03	
   1.9310000e+03	
   1.9310000e+03	
   1.9310000e+03	
   1.9310000e+03	
   1.9310000e+03	
   1.9310000e+03	
   1.9810000e+03	
   1.9810000e+03	
   1.9810000e+03	
   1.9810000e+03	
   1.9810000e+03	
   1.9810000e+03	
   1.9810000e+03	
   1.9810000e+03	
   1.9810000e+03	
   1.9810000e+03	
   1.9810000e+03	
   1.9810000e+03	
   1.9810000e+03	
   1.9810000e+03	
   1.9810000e+03	
   1.9810000e+03	
   2.0310000e+03	
   2.0310000e+03	
   2.0310000e+03	
   2.0310000e+03	
   2.0310000e+03	
   2.0310000e+03	
   2.0310000e+03	
   2.0310000e+03	
   2.0310000e+03	
   2.0310000e+03	
   2.0310000e+03	
   2.0310000e+03	
   2.0310000e+03	
   2.0310000e+03	
   2.0310000e+03	
   2.0310000e+03	
